4611 -1 4511 -1 #SUP: 1696
4611 -1 4514 -1 #SUP: 1692
0 -1 4514 -1 455 -1 #SUP: 1700
4511 -1 4514 -1 381 -1 #SUP: 1710
4514 -1 4516 -1 4514 -1 #SUP: 1678
4514 -1 458 -1 4514 -1 #SUP: 1796
381 -1 455 -1 151 -1 #SUP: 1701
3111 -1 4311 -1 1711 -1 4611 -1 #SUP: 1758
0 -1 4514 -1 4514 -1 4514 -1 4511 -1 #SUP: 1637
4514 -1 457 -1 4514 -1 456 -1 4514 -1 #SUP: 1641
4514 -1 381 -1 455 -1 4514 -1 4514 -1 #SUP: 1663
455 -1 4514 -1 4514 -1 4514 -1 4514 -1 #SUP: 1651
0 -1 4514 -1 381 -1 4514 -1 457 -1 4514 -1 #SUP: 1682
4514 -1 4511 -1 411 -1 3111 -1 4311 -1 1711 -1 #SUP: 1744
4514 -1 4514 -1 4514 -1 4511 -1 411 -1 3111 -1 #SUP: 1680
4514 -1 4514 -1 4514 -1 4514 -1 4514 -1 4511 -1 #SUP: 1676
4514 -1 456 -1 4514 -1 381 -1 4514 -1 4514 -1 #SUP: 1636
0 -1 4514 -1 456 -1 4514 -1 4514 -1 4514 -1 4514 -1 #SUP: 1647
4514 -1 4514 -1 456 -1 166 -1 376 -1 456 -1 4514 -1 #SUP: 1663
4514 -1 381 -1 151 -1 4514 -1 457 -1 4514 -1 4514 -1 #SUP: 1716
381 -1 151 -1 4514 -1 381 -1 151 -1 131 -1 151 -1 #SUP: 1637
0 -1 0 -1 0 -1 0 -1 0 -1 0 -1 4514 -1 4517 -1 #SUP: 1667
4514 -1 381 -1 4514 -1 4514 -1 4514 -1 457 -1 4514 -1 4514 -1 #SUP: 1662
4514 -1 456 -1 4514 -1 4514 -1 4514 -1 4514 -1 4514 -1 4514 -1 4514 -1 #SUP: 1640
0 -1 0 -1 0 -1 0 -1 0 -1 0 -1 0 -1 0 -1 0 -1 0 -1 0 -1 0 -1 4514 -1 381 -1 151 -1 #SUP: 1647
151 -1 0 -1 0 -1 0 -1 0 -1 0 -1 0 -1 0 -1 0 -1 0 -1 0 -1 0 -1 0 -1 0 -1 0 -1 0 -1 #SUP: 1634
0 -1 0 -1 0 -1 0 -1 0 -1 0 -1 0 -1 0 -1 0 -1 0 -1 0 -1 0 -1 0 -1 0 -1 0 -1 0 -1 0 -1 0 -1 0 -1 0 -1 0 -1 0 -1 4514 -1 457 -1 #SUP: 1637
0 -1 0 -1 0 -1 0 -1 0 -1 0 -1 0 -1 0 -1 0 -1 0 -1 0 -1 0 -1 0 -1 0 -1 0 -1 0 -1 0 -1 0 -1 0 -1 0 -1 0 -1 0 -1 0 -1 0 -1 0 -1 0 -1 0 -1 0 -1 0 -1 0 -1 0 -1 0 -1 0 -1 0 -1 4514 -1 381 -1 #SUP: 1650
0 -1 0 -1 0 -1 0 -1 0 -1 0 -1 0 -1 0 -1 0 -1 0 -1 0 -1 0 -1 0 -1 0 -1 0 -1 0 -1 0 -1 0 -1 0 -1 0 -1 0 -1 0 -1 0 -1 0 -1 0 -1 0 -1 0 -1 0 -1 0 -1 0 -1 0 -1 0 -1 0 -1 0 -1 0 -1 0 -1 0 -1 0 -1 0 -1 0 -1 0 -1 0 -1 0 -1 0 -1 0 -1 0 -1 0 -1 0 -1 0 -1 0 -1 0 -1 0 -1 0 -1 0 -1 0 -1 0 -1 0 -1 0 -1 0 -1 0 -1 0 -1 0 -1 0 -1 0 -1 0 -1 0 -1 0 -1 0 -1 0 -1 0 -1 0 -1 0 -1 0 -1 0 -1 0 -1 0 -1 0 -1 0 -1 0 -1 0 -1 0 -1 0 -1 0 -1 0 -1 0 -1 0 -1 0 -1 0 -1 0 -1 0 -1 0 -1 0 -1 0 -1 0 -1 0 -1 0 -1 0 -1 4514 -1 #SUP: 1641
0 -1 0 -1 0 -1 0 -1 0 -1 0 -1 0 -1 0 -1 0 -1 0 -1 0 -1 0 -1 0 -1 0 -1 0 -1 0 -1 0 -1 0 -1 0 -1 0 -1 0 -1 0 -1 0 -1 0 -1 0 -1 0 -1 0 -1 0 -1 0 -1 0 -1 0 -1 0 -1 0 -1 0 -1 0 -1 0 -1 0 -1 0 -1 0 -1 0 -1 0 -1 0 -1 0 -1 0 -1 0 -1 0 -1 0 -1 0 -1 0 -1 0 -1 0 -1 0 -1 0 -1 0 -1 0 -1 0 -1 0 -1 0 -1 0 -1 0 -1 0 -1 0 -1 0 -1 0 -1 0 -1 0 -1 0 -1 0 -1 0 -1 0 -1 0 -1 0 -1 0 -1 0 -1 0 -1 0 -1 0 -1 0 -1 0 -1 0 -1 0 -1 0 -1 0 -1 0 -1 0 -1 0 -1 0 -1 0 -1 0 -1 0 -1 0 -1 0 -1 0 -1 0 -1 0 -1 0 -1 0 -1 0 -1 0 -1 0 -1 0 -1 #SUP: 1650
