0 -1 335 -1 291 -1 #SUP: 277
0 -1 335 -1 338 -1 335 -1 #SUP: 252
0 -1 335 -1 3311 -1 335 -1 #SUP: 253
151 -1 291 -1 #SUP: 253
291 -1 0 -1 #SUP: 269
335 -1 291 -1 336 -1 #SUP: 294
335 -1 291 -1 111 -1 291 -1 #SUP: 298
335 -1 291 -1 121 -1 #SUP: 325
335 -1 332 -1 #SUP: 315
335 -1 335 -1 0 -1 #SUP: 309
335 -1 338 -1 138 -1 288 -1 338 -1 78 -1 338 -1 #SUP: 262
336 -1 336 -1 335 -1 #SUP: 257
337 -1 335 -1 3311 -1 #SUP: 262
338 -1 0 -1 #SUP: 318
338 -1 138 -1 288 -1 338 -1 78 -1 338 -1 #SUP: 313
338 -1 138 -1 338 -1 288 -1 #SUP: 293
338 -1 288 -1 78 -1 338 -1 #SUP: 250
338 -1 78 -1 338 -1 335 -1 #SUP: 294
338 -1 335 -1 291 -1 335 -1 #SUP: 286
338 -1 335 -1 338 -1 138 -1 #SUP: 262
2414 -1 3214 -1 1414 -1 3314 -1 335 -1 #SUP: 276
3311 -1 0 -1 #SUP: 293
3311 -1 335 -1 291 -1 #SUP: 291
3311 -1 335 -1 338 -1 335 -1 #SUP: 254
3311 -1 338 -1 #SUP: 287
3311 -1 3311 -1 335 -1 #SUP: 288
3311 -1 3311 -1 3311 -1 #SUP: 261
111 -1 291 -1 291 -1 #SUP: 290
3312 -1 335 -1 #SUP: 441
3312 -1 3314 -1 #SUP: 256
3314 -1 314 -1 2414 -1 3214 -1 1414 -1 3314 -1 #SUP: 317
3314 -1 335 -1 291 -1 #SUP: 269
3315 -1 335 -1 #SUP: 370
1015 -1 3315 -1 #SUP: 251
121 -1 335 -1 #SUP: 389
121 -1 121 -1 #SUP: 297
