151 -1 291 -1 #SUP: 253
291 -1 0 -1 #SUP: 269
332 -1 335 -1 #SUP: 290
335 -1 301 -1 #SUP: 252
335 -1 332 -1 #SUP: 315
335 -1 336 -1 #SUP: 293
338 -1 0 -1 #SUP: 318
3311 -1 0 -1 #SUP: 293
3311 -1 291 -1 #SUP: 283
3311 -1 338 -1 #SUP: 287
3312 -1 3314 -1 #SUP: 256
3315 -1 1015 -1 #SUP: 352
1015 -1 3315 -1 #SUP: 251
121 -1 121 -1 #SUP: 297
0 -1 335 -1 291 -1 #SUP: 277
291 -1 291 -1 291 -1 #SUP: 264
291 -1 291 -1 335 -1 #SUP: 334
291 -1 335 -1 3311 -1 #SUP: 292
291 -1 121 -1 335 -1 #SUP: 301
335 -1 0 -1 335 -1 #SUP: 346
335 -1 291 -1 291 -1 #SUP: 283
335 -1 291 -1 336 -1 #SUP: 294
335 -1 291 -1 121 -1 #SUP: 325
335 -1 335 -1 0 -1 #SUP: 309
335 -1 335 -1 3312 -1 #SUP: 301
335 -1 337 -1 335 -1 #SUP: 397
335 -1 338 -1 338 -1 #SUP: 257
335 -1 3311 -1 3311 -1 #SUP: 347
335 -1 3312 -1 335 -1 #SUP: 424
335 -1 3314 -1 335 -1 #SUP: 342
335 -1 3315 -1 335 -1 #SUP: 304
336 -1 335 -1 335 -1 #SUP: 266
336 -1 336 -1 335 -1 #SUP: 257
337 -1 335 -1 3311 -1 #SUP: 262
338 -1 338 -1 335 -1 #SUP: 266
3311 -1 3311 -1 335 -1 #SUP: 288
3311 -1 3311 -1 3311 -1 #SUP: 261
3314 -1 335 -1 291 -1 #SUP: 269
0 -1 0 -1 335 -1 335 -1 #SUP: 292
0 -1 0 -1 335 -1 3311 -1 #SUP: 262
0 -1 335 -1 338 -1 335 -1 #SUP: 252
0 -1 335 -1 3311 -1 335 -1 #SUP: 253
291 -1 335 -1 291 -1 335 -1 #SUP: 269
291 -1 335 -1 338 -1 335 -1 #SUP: 313
291 -1 111 -1 291 -1 291 -1 #SUP: 269
335 -1 0 -1 0 -1 0 -1 #SUP: 356
335 -1 0 -1 0 -1 335 -1 #SUP: 264
335 -1 291 -1 335 -1 291 -1 #SUP: 283
335 -1 291 -1 335 -1 335 -1 #SUP: 317
335 -1 291 -1 335 -1 338 -1 #SUP: 304
335 -1 291 -1 111 -1 291 -1 #SUP: 298
335 -1 335 -1 291 -1 335 -1 #SUP: 304
335 -1 335 -1 335 -1 335 -1 #SUP: 337
335 -1 335 -1 338 -1 335 -1 #SUP: 330
335 -1 335 -1 3311 -1 335 -1 #SUP: 330
335 -1 338 -1 138 -1 338 -1 #SUP: 282
335 -1 338 -1 335 -1 291 -1 #SUP: 320
335 -1 338 -1 335 -1 335 -1 #SUP: 344
335 -1 338 -1 335 -1 3311 -1 #SUP: 272
335 -1 3311 -1 335 -1 291 -1 #SUP: 269
335 -1 3311 -1 335 -1 335 -1 #SUP: 316
335 -1 3311 -1 335 -1 338 -1 #SUP: 288
338 -1 138 -1 338 -1 288 -1 #SUP: 293
338 -1 335 -1 291 -1 335 -1 #SUP: 286
338 -1 335 -1 335 -1 335 -1 #SUP: 254
338 -1 335 -1 338 -1 138 -1 #SUP: 262
3311 -1 335 -1 338 -1 335 -1 #SUP: 254
335 -1 338 -1 335 -1 338 -1 335 -1 #SUP: 309
335 -1 3311 -1 335 -1 3311 -1 335 -1 #SUP: 296
2414 -1 3214 -1 1414 -1 3314 -1 335 -1 #SUP: 276
138 -1 288 -1 338 -1 78 -1 338 -1 335 -1 #SUP: 271
335 -1 0 -1 0 -1 0 -1 0 -1 0 -1 #SUP: 252
3314 -1 314 -1 2414 -1 3214 -1 1414 -1 3314 -1 #SUP: 317
335 -1 338 -1 138 -1 288 -1 338 -1 78 -1 338 -1 #SUP: 262
0 -1 0 -1 0 -1 0 -1 0 -1 0 -1 0 -1 335 -1 #SUP: 263
