0 -1 0 -1 #SUP: 479.0
0 -1 335 -1 #SUP: 476.0
0 -1 0 -1 335 -1 #SUP: 468.0
335 -1 335 -1 #SUP: 468.0
335 -1 291 -1 #SUP: 467.0
335 -1 3311 -1 #SUP: 467.0
335 -1 3312 -1 #SUP: 465.0
335 -1 0 -1 #SUP: 459.0
0 -1 0 -1 0 -1 #SUP: 456.0
3311 -1 335 -1 #SUP: 456.0
335 -1 338 -1 #SUP: 455.0
291 -1 335 -1 #SUP: 452.0
338 -1 335 -1 #SUP: 451.0
335 -1 3311 -1 335 -1 #SUP: 448.0
3312 -1 335 -1 #SUP: 441.0
338 -1 138 -1 #SUP: 440.0
0 -1 0 -1 0 -1 335 -1 #SUP: 439.0
335 -1 338 -1 335 -1 #SUP: 439.0
335 -1 291 -1 335 -1 #SUP: 436.0
1414 -1 3314 -1 #SUP: 434.0
3214 -1 1414 -1 #SUP: 433.0
3214 -1 1414 -1 3314 -1 #SUP: 433.0
335 -1 338 -1 138 -1 #SUP: 433.0
0 -1 0 -1 0 -1 0 -1 #SUP: 430.0
335 -1 337 -1 #SUP: 430.0
3314 -1 335 -1 #SUP: 430.0
288 -1 338 -1 #SUP: 427.0
335 -1 335 -1 335 -1 #SUP: 426.0
335 -1 0 -1 0 -1 #SUP: 425.0
335 -1 3312 -1 335 -1 #SUP: 424.0
335 -1 3314 -1 #SUP: 423.0
138 -1 288 -1 #SUP: 415.0
138 -1 288 -1 338 -1 #SUP: 415.0
78 -1 338 -1 #SUP: 415.0
337 -1 335 -1 #SUP: 414.0
338 -1 78 -1 #SUP: 414.0
2414 -1 3214 -1 #SUP: 413.0
335 -1 3315 -1 #SUP: 411.0
336 -1 335 -1 #SUP: 411.0
2414 -1 3214 -1 1414 -1 #SUP: 411.0
2414 -1 3214 -1 1414 -1 3314 -1 #SUP: 411.0
0 -1 0 -1 0 -1 0 -1 335 -1 #SUP: 408.0
314 -1 2414 -1 #SUP: 408.0
338 -1 335 -1 338 -1 #SUP: 402.0
291 -1 291 -1 #SUP: 400.0
335 -1 337 -1 335 -1 #SUP: 397.0
3314 -1 314 -1 #SUP: 395.0
3314 -1 314 -1 2414 -1 #SUP: 395.0
338 -1 335 -1 335 -1 #SUP: 390.0
314 -1 2414 -1 3214 -1 #SUP: 389.0
121 -1 335 -1 #SUP: 389.0
291 -1 121 -1 #SUP: 388.0
335 -1 335 -1 338 -1 #SUP: 387.0
0 -1 0 -1 0 -1 0 -1 0 -1 #SUP: 385.0
338 -1 138 -1 288 -1 #SUP: 383.0
338 -1 138 -1 288 -1 338 -1 #SUP: 383.0
0 -1 335 -1 335 -1 #SUP: 381.0
288 -1 338 -1 78 -1 #SUP: 381.0
335 -1 335 -1 291 -1 #SUP: 381.0
291 -1 336 -1 #SUP: 378.0
3314 -1 314 -1 2414 -1 3214 -1 #SUP: 377.0
335 -1 338 -1 335 -1 338 -1 #SUP: 375.0
335 -1 335 -1 3311 -1 #SUP: 374.0
338 -1 78 -1 338 -1 #SUP: 374.0
291 -1 335 -1 338 -1 #SUP: 372.0
291 -1 335 -1 335 -1 #SUP: 370.0
3315 -1 335 -1 #SUP: 370.0
338 -1 335 -1 291 -1 #SUP: 369.0
