3314 -1 335 -1 #SUP: 430.0
335 -1 3314 -1 #SUP: 423.0
335 -1 3315 -1 #SUP: 411.0
336 -1 335 -1 #SUP: 411.0
291 -1 291 -1 #SUP: 400.0
121 -1 335 -1 #SUP: 389.0
291 -1 121 -1 #SUP: 388.0
291 -1 336 -1 #SUP: 378.0
3315 -1 335 -1 #SUP: 370.0
335 -1 3311 -1 335 -1 #SUP: 448.0
335 -1 291 -1 335 -1 #SUP: 436.0
335 -1 338 -1 138 -1 #SUP: 433.0
335 -1 335 -1 335 -1 #SUP: 426.0
335 -1 0 -1 0 -1 #SUP: 425.0
335 -1 3312 -1 335 -1 #SUP: 424.0
335 -1 337 -1 335 -1 #SUP: 397.0
338 -1 335 -1 335 -1 #SUP: 390.0
335 -1 335 -1 338 -1 #SUP: 387.0
0 -1 335 -1 335 -1 #SUP: 381.0
288 -1 338 -1 78 -1 #SUP: 381.0
335 -1 335 -1 291 -1 #SUP: 381.0
335 -1 335 -1 3311 -1 #SUP: 374.0
338 -1 78 -1 338 -1 #SUP: 374.0
291 -1 335 -1 338 -1 #SUP: 372.0
291 -1 335 -1 335 -1 #SUP: 370.0
338 -1 335 -1 291 -1 #SUP: 369.0
2414 -1 3214 -1 1414 -1 3314 -1 #SUP: 411.0
338 -1 138 -1 288 -1 338 -1 #SUP: 383.0
3314 -1 314 -1 2414 -1 3214 -1 #SUP: 377.0
335 -1 338 -1 335 -1 338 -1 #SUP: 375.0
0 -1 0 -1 0 -1 0 -1 335 -1 #SUP: 408.0
0 -1 0 -1 0 -1 0 -1 0 -1 #SUP: 385.0
