4611 -1 4511 -1 #SUP: 1686
455 -1 151 -1 #SUP: 1638
0 -1 4514 -1 4517 -1 #SUP: 1683
4514 -1 4516 -1 4514 -1 #SUP: 1654
4514 -1 458 -1 4514 -1 #SUP: 1776
0 -1 0 -1 4514 -1 4511 -1 #SUP: 1649
4514 -1 4517 -1 4514 -1 4514 -1 #SUP: 1762
4514 -1 457 -1 4514 -1 456 -1 #SUP: 1652
4514 -1 381 -1 455 -1 4514 -1 #SUP: 1682
3111 -1 4311 -1 1711 -1 4611 -1 #SUP: 1748
3111 -1 4311 -1 1711 -1 4511 -1 #SUP: 1813
456 -1 4514 -1 381 -1 4514 -1 #SUP: 1681
0 -1 4514 -1 456 -1 4514 -1 4514 -1 #SUP: 1702
4514 -1 4514 -1 4511 -1 411 -1 3111 -1 #SUP: 1782
4514 -1 457 -1 4514 -1 381 -1 151 -1 #SUP: 1781
3111 -1 3111 -1 3111 -1 4311 -1 1711 -1 #SUP: 1636
4514 -1 4514 -1 456 -1 166 -1 376 -1 456 -1 #SUP: 1657
4514 -1 457 -1 4514 -1 4514 -1 381 -1 4514 -1 #SUP: 1636
4514 -1 381 -1 151 -1 131 -1 151 -1 4514 -1 #SUP: 1675
456 -1 4514 -1 4514 -1 4514 -1 4514 -1 4514 -1 #SUP: 1644
4514 -1 381 -1 151 -1 0 -1 0 -1 0 -1 0 -1 #SUP: 1641
4514 -1 381 -1 4514 -1 381 -1 151 -1 151 -1 4514 -1 #SUP: 1652
381 -1 151 -1 0 -1 0 -1 0 -1 0 -1 0 -1 0 -1 #SUP: 1646
151 -1 0 -1 0 -1 0 -1 0 -1 0 -1 0 -1 0 -1 0 -1 0 -1 0 -1 #SUP: 1639
0 -1 0 -1 0 -1 0 -1 0 -1 0 -1 0 -1 0 -1 0 -1 0 -1 0 -1 0 -1 0 -1 4514 -1 457 -1 #SUP: 1675
0 -1 0 -1 0 -1 0 -1 0 -1 0 -1 0 -1 0 -1 0 -1 0 -1 0 -1 0 -1 0 -1 0 -1 0 -1 0 -1 0 -1 0 -1 4514 -1 381 -1 #SUP: 1642
0 -1 0 -1 0 -1 0 -1 0 -1 0 -1 0 -1 0 -1 0 -1 0 -1 0 -1 0 -1 0 -1 0 -1 0 -1 0 -1 0 -1 0 -1 0 -1 0 -1 381 -1 #SUP: 1667
0 -1 0 -1 0 -1 0 -1 0 -1 0 -1 0 -1 0 -1 0 -1 0 -1 0 -1 0 -1 0 -1 0 -1 0 -1 0 -1 0 -1 0 -1 0 -1 0 -1 0 -1 0 -1 0 -1 0 -1 0 -1 0 -1 0 -1 0 -1 0 -1 0 -1 0 -1 0 -1 0 -1 0 -1 0 -1 0 -1 0 -1 0 -1 0 -1 0 -1 0 -1 0 -1 0 -1 0 -1 0 -1 0 -1 0 -1 0 -1 0 -1 0 -1 0 -1 0 -1 0 -1 0 -1 0 -1 0 -1 0 -1 0 -1 0 -1 0 -1 0 -1 0 -1 0 -1 0 -1 0 -1 0 -1 0 -1 0 -1 0 -1 0 -1 0 -1 0 -1 0 -1 0 -1 0 -1 0 -1 0 -1 0 -1 0 -1 0 -1 0 -1 0 -1 0 -1 0 -1 0 -1 4514 -1 #SUP: 1637
0 -1 0 -1 0 -1 0 -1 0 -1 0 -1 0 -1 0 -1 0 -1 0 -1 0 -1 0 -1 0 -1 0 -1 0 -1 0 -1 0 -1 0 -1 0 -1 0 -1 0 -1 0 -1 0 -1 0 -1 0 -1 0 -1 0 -1 0 -1 0 -1 0 -1 0 -1 0 -1 0 -1 0 -1 0 -1 0 -1 0 -1 0 -1 0 -1 0 -1 0 -1 0 -1 0 -1 0 -1 0 -1 0 -1 0 -1 0 -1 0 -1 0 -1 0 -1 0 -1 0 -1 0 -1 0 -1 0 -1 0 -1 0 -1 0 -1 0 -1 0 -1 0 -1 0 -1 0 -1 0 -1 0 -1 0 -1 0 -1 0 -1 0 -1 0 -1 0 -1 0 -1 0 -1 0 -1 0 -1 0 -1 0 -1 0 -1 0 -1 0 -1 0 -1 0 -1 0 -1 0 -1 0 -1 0 -1 0 -1 0 -1 0 -1 #SUP: 1660
