Frequent 0-itemsets:
itemset (occurrence)
{} (492)
Frequent 1-itemsets:
itemset (occurrence)
3315 (445)
337 (448)
336 (452)
338 (459)
3314 (462)
3311 (474)
3312 (474)
291 (478)
0 (482)
335 (490)
Frequent 2-itemsets:
itemset (occurrence)
3315 335 (445)
337 3311 (445)
337 3312 (448)
337 291 (446)
337 0 (447)
337 335 (448)
336 3311 (445)
336 3312 (446)
336 291 (448)
336 0 (447)
336 335 (451)
338 3314 (451)
338 3311 (453)
338 3312 (451)
338 291 (454)
338 0 (458)
338 335 (459)
3314 3311 (457)
3314 3312 (456)
3314 291 (455)
3314 0 (462)
3314 335 (462)
3311 3312 (469)
3311 291 (467)
3311 0 (470)
3311 335 (474)
3312 291 (470)
3312 0 (470)
3312 335 (474)
291 0 (473)
291 335 (477)
0 335 (481)
Frequent 3-itemsets:
itemset (occurrence)
337 3311 3312 (445)
337 3311 291 (443)
337 3311 0 (444)
337 3311 335 (445)
337 3312 291 (446)
337 3312 0 (447)
337 3312 335 (448)
337 291 0 (445)
337 291 335 (446)
337 0 335 (447)
336 3311 335 (445)
336 3312 291 (444)
336 3312 0 (443)
336 3312 335 (446)
336 291 0 (445)
336 291 335 (448)
336 0 335 (447)
338 3314 3311 (447)
338 3314 3312 (447)
338 3314 291 (447)
338 3314 0 (451)
338 3314 335 (451)
338 3311 3312 (450)
338 3311 291 (450)
338 3311 0 (453)
338 3311 335 (453)
338 3312 291 (449)
338 3312 0 (451)
338 3312 335 (451)
338 291 0 (453)
338 291 335 (454)
338 0 335 (458)
3314 3311 3312 (455)
3314 3311 291 (453)
3314 3311 0 (457)
3314 3311 335 (457)
3314 3312 291 (453)
3314 3312 0 (456)
3314 3312 335 (456)
3314 291 0 (455)
3314 291 335 (455)
3314 0 335 (462)
3311 3312 291 (465)
3311 3312 0 (466)
3311 3312 335 (469)
3311 291 0 (464)
3311 291 335 (467)
3311 0 335 (470)
3312 291 0 (466)
3312 291 335 (470)
3312 0 335 (470)
291 0 335 (472)
Frequent 4-itemsets:
itemset (occurrence)
337 3311 3312 291 (443)
337 3311 3312 0 (444)
337 3311 3312 335 (445)
337 3311 291 335 (443)
337 3311 0 335 (444)
337 3312 291 0 (445)
337 3312 291 335 (446)
337 3312 0 335 (447)
337 291 0 335 (445)
336 3312 291 335 (444)
336 3312 0 335 (443)
336 291 0 335 (445)
338 3314 3311 3312 (446)
338 3314 3311 291 (445)
338 3314 3311 0 (447)
338 3314 3311 335 (447)
338 3314 3312 291 (445)
338 3314 3312 0 (447)
338 3314 3312 335 (447)
338 3314 291 0 (447)
338 3314 291 335 (447)
338 3314 0 335 (451)
338 3311 3312 291 (448)
338 3311 3312 0 (450)
338 3311 3312 335 (450)
338 3311 291 0 (450)
338 3311 291 335 (450)
338 3311 0 335 (453)
338 3312 291 0 (449)
338 3312 291 335 (449)
338 3312 0 335 (451)
338 291 0 335 (453)
3314 3311 3312 291 (452)
3314 3311 3312 0 (455)
3314 3311 3312 335 (455)
3314 3311 291 0 (453)
3314 3311 291 335 (453)
3314 3311 0 335 (457)
3314 3312 291 0 (453)
3314 3312 291 335 (453)
3314 3312 0 335 (456)
3314 291 0 335 (455)
3311 3312 291 0 (462)
3311 3312 291 335 (465)
3311 3312 0 335 (466)
3311 291 0 335 (464)
3312 291 0 335 (466)
Frequent 5-itemsets:
itemset (occurrence)
337 3311 3312 291 335 (443)
337 3311 3312 0 335 (444)
337 3312 291 0 335 (445)
338 3314 3311 3312 291 (444)
338 3314 3311 3312 0 (446)
338 3314 3311 3312 335 (446)
338 3314 3311 291 0 (445)
338 3314 3311 291 335 (445)
338 3314 3311 0 335 (447)
338 3314 3312 291 0 (445)
338 3314 3312 291 335 (445)
338 3314 3312 0 335 (447)
338 3314 291 0 335 (447)
338 3311 3312 291 0 (448)
338 3311 3312 291 335 (448)
338 3311 3312 0 335 (450)
338 3311 291 0 335 (450)
338 3312 291 0 335 (449)
3314 3311 3312 291 0 (452)
3314 3311 3312 291 335 (452)
3314 3311 3312 0 335 (455)
3314 3311 291 0 335 (453)
3314 3312 291 0 335 (453)
3311 3312 291 0 335 (462)
Frequent 6-itemsets:
itemset (occurrence)
338 3314 3311 3312 291 0 (444)
338 3314 3311 3312 291 335 (444)
338 3314 3311 3312 0 335 (446)
338 3314 3311 291 0 335 (445)
338 3314 3312 291 0 335 (445)
338 3311 3312 291 0 335 (448)
3314 3311 3312 291 0 335 (452)
Frequent 7-itemsets:
itemset (occurrence)
338 3314 3311 3312 291 0 335 (444)
