4516 -1 4514 -1 #SUP: 1640
151 -1 4514 -1 457 -1 #SUP: 1645
4514 -1 458 -1 4514 -1 #SUP: 1676
4514 -1 381 -1 455 -1 #SUP: 1687
456 -1 4514 -1 381 -1 #SUP: 1702
0 -1 4514 -1 4511 -1 #SUP: 1708
4514 -1 4517 -1 4514 -1 #SUP: 2064
0 -1 4514 -1 456 -1 4514 -1 #SUP: 1693
3111 -1 4311 -1 1711 -1 4611 -1 #SUP: 1734
4514 -1 457 -1 4514 -1 381 -1 #SUP: 1877
4514 -1 4511 -1 411 -1 3111 -1 #SUP: 1939
151 -1 0 -1 0 -1 0 -1 0 -1 #SUP: 1725
4514 -1 381 -1 151 -1 131 -1 151 -1 #SUP: 1736
4514 -1 456 -1 166 -1 376 -1 456 -1 #SUP: 1684
0 -1 0 -1 4514 -1 381 -1 151 -1 #SUP: 1857
4514 -1 381 -1 151 -1 4514 -1 381 -1 151 -1 #SUP: 1655
0 -1 0 -1 0 -1 0 -1 0 -1 0 -1 0 -1 4514 -1 457 -1 #SUP: 1721
0 -1 0 -1 0 -1 0 -1 0 -1 0 -1 0 -1 0 -1 0 -1 4514 -1 381 -1 #SUP: 1644
0 -1 0 -1 0 -1 0 -1 0 -1 0 -1 0 -1 0 -1 0 -1 0 -1 0 -1 0 -1 0 -1 0 -1 0 -1 0 -1 0 -1 0 -1 0 -1 0 -1 0 -1 0 -1 0 -1 0 -1 0 -1 0 -1 0 -1 0 -1 0 -1 0 -1 0 -1 0 -1 0 -1 0 -1 0 -1 0 -1 0 -1 0 -1 0 -1 0 -1 0 -1 0 -1 0 -1 0 -1 0 -1 0 -1 0 -1 0 -1 0 -1 0 -1 0 -1 0 -1 0 -1 0 -1 0 -1 0 -1 0 -1 0 -1 0 -1 0 -1 0 -1 0 -1 0 -1 0 -1 0 -1 4514 -1 #SUP: 1650
0 -1 0 -1 0 -1 0 -1 0 -1 0 -1 0 -1 0 -1 0 -1 0 -1 0 -1 0 -1 0 -1 0 -1 0 -1 0 -1 0 -1 0 -1 0 -1 0 -1 0 -1 0 -1 0 -1 0 -1 0 -1 0 -1 0 -1 0 -1 0 -1 0 -1 0 -1 0 -1 0 -1 0 -1 0 -1 0 -1 0 -1 0 -1 0 -1 0 -1 0 -1 0 -1 0 -1 0 -1 0 -1 0 -1 0 -1 0 -1 0 -1 0 -1 0 -1 0 -1 0 -1 0 -1 0 -1 0 -1 0 -1 0 -1 0 -1 0 -1 0 -1 0 -1 0 -1 0 -1 0 -1 0 -1 0 -1 0 -1 0 -1 0 -1 #SUP: 1655
