4611 -1 4514 -1 #SUP: 1715
4514 -1 4516 -1 4514 -1 #SUP: 1705
0 -1 4514 -1 381 -1 131 -1 #SUP: 1665
0 -1 4514 -1 381 -1 455 -1 #SUP: 1694
4514 -1 4511 -1 4514 -1 381 -1 #SUP: 1656
4514 -1 458 -1 4514 -1 4514 -1 #SUP: 1640
455 -1 4514 -1 381 -1 151 -1 #SUP: 1682
456 -1 4514 -1 381 -1 151 -1 #SUP: 1638
0 -1 4514 -1 4514 -1 4514 -1 455 -1 #SUP: 1637
0 -1 4514 -1 456 -1 4514 -1 381 -1 #SUP: 1641
3111 -1 4311 -1 1711 -1 4611 -1 4511 -1 #SUP: 1634
0 -1 4514 -1 4514 -1 4514 -1 4514 -1 4511 -1 #SUP: 1708
4514 -1 381 -1 455 -1 4514 -1 4514 -1 4514 -1 #SUP: 1665
455 -1 4514 -1 4514 -1 4514 -1 4514 -1 4514 -1 #SUP: 1696
4514 -1 4514 -1 4511 -1 411 -1 3111 -1 4311 -1 1711 -1 #SUP: 1658
4514 -1 4514 -1 4514 -1 4514 -1 4511 -1 411 -1 3111 -1 #SUP: 1672
4514 -1 4514 -1 4514 -1 4514 -1 4514 -1 4514 -1 4511 -1 #SUP: 1695
4514 -1 456 -1 4514 -1 4514 -1 4514 -1 457 -1 4514 -1 #SUP: 1641
4514 -1 381 -1 151 -1 4514 -1 381 -1 151 -1 131 -1 151 -1 #SUP: 1672
4514 -1 381 -1 4514 -1 4514 -1 456 -1 4514 -1 4514 -1 4514 -1 #SUP: 1642
0 -1 0 -1 0 -1 0 -1 0 -1 4514 -1 457 -1 4514 -1 381 -1 #SUP: 1646
4514 -1 0 -1 4514 -1 4514 -1 4514 -1 456 -1 4514 -1 4514 -1 4514 -1 #SUP: 1635
4514 -1 4514 -1 4514 -1 4514 -1 4514 -1 456 -1 166 -1 376 -1 456 -1 #SUP: 1636
4514 -1 457 -1 4514 -1 4514 -1 4514 -1 4514 -1 381 -1 151 -1 4514 -1 #SUP: 1649
4514 -1 381 -1 4514 -1 4514 -1 457 -1 4514 -1 4514 -1 4514 -1 4514 -1 4514 -1 #SUP: 1645
0 -1 0 -1 0 -1 0 -1 0 -1 0 -1 0 -1 0 -1 0 -1 4514 -1 4517 -1 #SUP: 1656
4514 -1 4514 -1 4514 -1 456 -1 4514 -1 4514 -1 4514 -1 4514 -1 4514 -1 4514 -1 4514 -1 #SUP: 1643
0 -1 0 -1 0 -1 0 -1 0 -1 0 -1 0 -1 0 -1 0 -1 0 -1 0 -1 0 -1 0 -1 0 -1 0 -1 0 -1 0 -1 4514 -1 381 -1 151 -1 #SUP: 1681
381 -1 151 -1 0 -1 0 -1 0 -1 0 -1 0 -1 0 -1 0 -1 0 -1 0 -1 0 -1 0 -1 0 -1 0 -1 0 -1 0 -1 0 -1 0 -1 0 -1 #SUP: 1666
151 -1 0 -1 0 -1 0 -1 0 -1 0 -1 0 -1 0 -1 0 -1 0 -1 0 -1 0 -1 0 -1 0 -1 0 -1 0 -1 0 -1 0 -1 0 -1 0 -1 0 -1 0 -1 #SUP: 1651
0 -1 0 -1 0 -1 0 -1 0 -1 0 -1 0 -1 0 -1 0 -1 0 -1 0 -1 0 -1 0 -1 0 -1 0 -1 0 -1 0 -1 0 -1 0 -1 0 -1 0 -1 0 -1 0 -1 0 -1 0 -1 0 -1 0 -1 0 -1 4514 -1 457 -1 #SUP: 1654
0 -1 0 -1 0 -1 0 -1 0 -1 0 -1 0 -1 0 -1 0 -1 0 -1 0 -1 0 -1 0 -1 0 -1 0 -1 0 -1 0 -1 0 -1 0 -1 0 -1 0 -1 0 -1 0 -1 0 -1 0 -1 0 -1 0 -1 0 -1 0 -1 0 -1 0 -1 0 -1 0 -1 0 -1 0 -1 0 -1 0 -1 0 -1 0 -1 0 -1 0 -1 0 -1 0 -1 0 -1 0 -1 0 -1 0 -1 0 -1 0 -1 0 -1 0 -1 0 -1 4514 -1 381 -1 #SUP: 1638
0 -1 0 -1 0 -1 0 -1 0 -1 0 -1 0 -1 0 -1 0 -1 0 -1 0 -1 0 -1 0 -1 0 -1 0 -1 0 -1 0 -1 0 -1 0 -1 0 -1 0 -1 0 -1 0 -1 0 -1 0 -1 0 -1 0 -1 0 -1 0 -1 0 -1 0 -1 0 -1 0 -1 0 -1 0 -1 0 -1 0 -1 0 -1 0 -1 0 -1 0 -1 0 -1 0 -1 0 -1 0 -1 0 -1 0 -1 0 -1 0 -1 0 -1 0 -1 0 -1 0 -1 0 -1 0 -1 0 -1 0 -1 0 -1 0 -1 0 -1 0 -1 0 -1 0 -1 0 -1 0 -1 0 -1 0 -1 0 -1 0 -1 0 -1 0 -1 0 -1 0 -1 0 -1 0 -1 0 -1 0 -1 0 -1 0 -1 0 -1 0 -1 0 -1 0 -1 0 -1 0 -1 0 -1 0 -1 0 -1 0 -1 0 -1 0 -1 0 -1 0 -1 0 -1 0 -1 0 -1 0 -1 0 -1 0 -1 0 -1 0 -1 0 -1 0 -1 0 -1 0 -1 0 -1 0 -1 0 -1 4514 -1 #SUP: 1648
0 -1 0 -1 0 -1 0 -1 0 -1 0 -1 0 -1 0 -1 0 -1 0 -1 0 -1 0 -1 0 -1 0 -1 0 -1 0 -1 0 -1 0 -1 0 -1 0 -1 0 -1 0 -1 0 -1 0 -1 0 -1 0 -1 0 -1 0 -1 0 -1 0 -1 0 -1 0 -1 0 -1 0 -1 0 -1 0 -1 0 -1 0 -1 0 -1 0 -1 0 -1 0 -1 0 -1 0 -1 0 -1 0 -1 0 -1 0 -1 0 -1 0 -1 0 -1 0 -1 0 -1 0 -1 0 -1 0 -1 0 -1 0 -1 0 -1 0 -1 0 -1 0 -1 0 -1 0 -1 0 -1 0 -1 0 -1 0 -1 0 -1 0 -1 0 -1 0 -1 0 -1 0 -1 0 -1 0 -1 0 -1 0 -1 0 -1 0 -1 0 -1 0 -1 0 -1 0 -1 0 -1 0 -1 0 -1 0 -1 0 -1 0 -1 0 -1 0 -1 0 -1 0 -1 0 -1 0 -1 0 -1 0 -1 0 -1 0 -1 0 -1 0 -1 0 -1 0 -1 0 -1 0 -1 0 -1 0 -1 0 -1 0 -1 #SUP: 1650
