0 -1 0 -1 #SUP: 479
0 -1 0 -1 0 -1 #SUP: 456
0 -1 0 -1 0 -1 0 -1 #SUP: 430
0 -1 0 -1 0 -1 0 -1 0 -1 #SUP: 385
0 -1 0 -1 0 -1 0 -1 0 -1 0 -1 #SUP: 334
0 -1 0 -1 0 -1 0 -1 0 -1 0 -1 0 -1 #SUP: 279
0 -1 0 -1 0 -1 0 -1 0 -1 0 -1 0 -1 335 -1 #SUP: 263
0 -1 0 -1 0 -1 0 -1 0 -1 0 -1 335 -1 #SUP: 316
0 -1 0 -1 0 -1 0 -1 0 -1 335 -1 #SUP: 361
0 -1 0 -1 0 -1 0 -1 335 -1 #SUP: 408
0 -1 0 -1 0 -1 335 -1 #SUP: 439
0 -1 0 -1 335 -1 #SUP: 468
0 -1 0 -1 335 -1 335 -1 #SUP: 292
0 -1 0 -1 335 -1 3311 -1 #SUP: 262
0 -1 335 -1 #SUP: 476
0 -1 335 -1 291 -1 #SUP: 277
0 -1 335 -1 335 -1 #SUP: 381
0 -1 335 -1 338 -1 #SUP: 332
0 -1 335 -1 338 -1 335 -1 #SUP: 252
0 -1 335 -1 3311 -1 #SUP: 345
0 -1 335 -1 3311 -1 335 -1 #SUP: 253
1414 -1 3314 -1 #SUP: 434
1414 -1 3314 -1 335 -1 #SUP: 310
138 -1 288 -1 #SUP: 415
138 -1 288 -1 338 -1 #SUP: 415
138 -1 288 -1 338 -1 78 -1 #SUP: 354
138 -1 288 -1 338 -1 78 -1 338 -1 #SUP: 354
138 -1 288 -1 338 -1 78 -1 338 -1 335 -1 #SUP: 271
138 -1 338 -1 #SUP: 359
138 -1 338 -1 288 -1 #SUP: 332
3214 -1 1414 -1 #SUP: 433
3214 -1 1414 -1 3314 -1 #SUP: 433
3214 -1 1414 -1 3314 -1 335 -1 #SUP: 310
151 -1 291 -1 #SUP: 253
288 -1 338 -1 #SUP: 427
288 -1 338 -1 78 -1 #SUP: 381
288 -1 338 -1 78 -1 338 -1 #SUP: 360
288 -1 338 -1 78 -1 338 -1 335 -1 #SUP: 275
291 -1 0 -1 #SUP: 269
291 -1 291 -1 #SUP: 400
291 -1 291 -1 291 -1 #SUP: 264
291 -1 291 -1 335 -1 #SUP: 334
291 -1 335 -1 #SUP: 452
291 -1 335 -1 291 -1 #SUP: 341
291 -1 335 -1 291 -1 335 -1 #SUP: 269
291 -1 335 -1 335 -1 #SUP: 370
291 -1 335 -1 338 -1 #SUP: 372
291 -1 335 -1 338 -1 335 -1 #SUP: 313
291 -1 335 -1 3311 -1 #SUP: 292
291 -1 336 -1 #SUP: 378
291 -1 111 -1 #SUP: 334
291 -1 111 -1 291 -1 #SUP: 331
291 -1 111 -1 291 -1 291 -1 #SUP: 269
291 -1 121 -1 #SUP: 388
291 -1 121 -1 335 -1 #SUP: 301
314 -1 2414 -1 #SUP: 408
314 -1 2414 -1 3214 -1 #SUP: 389
314 -1 2414 -1 3214 -1 1414 -1 #SUP: 330
314 -1 2414 -1 3214 -1 1414 -1 3314 -1 #SUP: 330
332 -1 335 -1 #SUP: 290
78 -1 338 -1 #SUP: 415
78 -1 338 -1 335 -1 #SUP: 361
335 -1 0 -1 #SUP: 459
335 -1 0 -1 0 -1 #SUP: 425
335 -1 0 -1 0 -1 0 -1 #SUP: 356
335 -1 0 -1 0 -1 0 -1 0 -1 #SUP: 303
335 -1 0 -1 0 -1 0 -1 0 -1 0 -1 #SUP: 252
335 -1 0 -1 0 -1 335 -1 #SUP: 264
335 -1 0 -1 335 -1 #SUP: 346
335 -1 291 -1 #SUP: 467
335 -1 291 -1 291 -1 #SUP: 283
335 -1 291 -1 335 -1 #SUP: 436
335 -1 291 -1 335 -1 291 -1 #SUP: 283
335 -1 291 -1 335 -1 335 -1 #SUP: 317
335 -1 291 -1 335 -1 338 -1 #SUP: 304
335 -1 291 -1 336 -1 #SUP: 294
335 -1 291 -1 111 -1 #SUP: 298
335 -1 291 -1 111 -1 291 -1 #SUP: 298
335 -1 291 -1 121 -1 #SUP: 325
335 -1 301 -1 #SUP: 252
335 -1 332 -1 #SUP: 315
335 -1 335 -1 #SUP: 468
335 -1 335 -1 0 -1 #SUP: 309
335 -1 335 -1 291 -1 #SUP: 381
335 -1 335 -1 291 -1 335 -1 #SUP: 304
335 -1 335 -1 335 -1 #SUP: 426
335 -1 335 -1 335 -1 335 -1 #SUP: 337
335 -1 335 -1 338 -1 #SUP: 387
335 -1 335 -1 338 -1 335 -1 #SUP: 330
335 -1 335 -1 3311 -1 #SUP: 374
335 -1 335 -1 3311 -1 335 -1 #SUP: 330
335 -1 335 -1 3312 -1 #SUP: 301
335 -1 336 -1 #SUP: 293
335 -1 337 -1 #SUP: 430
335 -1 337 -1 335 -1 #SUP: 397
335 -1 338 -1 #SUP: 455
335 -1 338 -1 138 -1 #SUP: 433
335 -1 338 -1 138 -1 288 -1 #SUP: 349
335 -1 338 -1 138 -1 288 -1 338 -1 #SUP: 349
335 -1 338 -1 138 -1 288 -1 338 -1 78 -1 #SUP: 262
335 -1 338 -1 138 -1 288 -1 338 -1 78 -1 338 -1 #SUP: 262
335 -1 338 -1 138 -1 338 -1 #SUP: 282
335 -1 338 -1 335 -1 #SUP: 439
335 -1 338 -1 335 -1 291 -1 #SUP: 320
335 -1 338 -1 335 -1 335 -1 #SUP: 344
335 -1 338 -1 335 -1 338 -1 #SUP: 375
335 -1 338 -1 335 -1 338 -1 335 -1 #SUP: 309
335 -1 338 -1 335 -1 3311 -1 #SUP: 272
335 -1 338 -1 338 -1 #SUP: 257
335 -1 3311 -1 #SUP: 467
335 -1 3311 -1 335 -1 #SUP: 448
335 -1 3311 -1 335 -1 291 -1 #SUP: 269
335 -1 3311 -1 335 -1 335 -1 #SUP: 316
335 -1 3311 -1 335 -1 338 -1 #SUP: 288
335 -1 3311 -1 335 -1 3311 -1 #SUP: 346
335 -1 3311 -1 335 -1 3311 -1 335 -1 #SUP: 296
335 -1 3311 -1 3311 -1 #SUP: 347
335 -1 3312 -1 #SUP: 465
335 -1 3312 -1 335 -1 #SUP: 424
335 -1 3314 -1 #SUP: 423
335 -1 3314 -1 335 -1 #SUP: 342
335 -1 3315 -1 #SUP: 411
335 -1 3315 -1 335 -1 #SUP: 304
336 -1 335 -1 #SUP: 411
336 -1 335 -1 335 -1 #SUP: 266
336 -1 336 -1 #SUP: 338
336 -1 336 -1 335 -1 #SUP: 257
337 -1 335 -1 #SUP: 414
337 -1 335 -1 3311 -1 #SUP: 262
338 -1 0 -1 #SUP: 318
338 -1 138 -1 #SUP: 440
338 -1 138 -1 288 -1 #SUP: 383
338 -1 138 -1 288 -1 338 -1 #SUP: 383
338 -1 138 -1 288 -1 338 -1 78 -1 #SUP: 313
338 -1 138 -1 288 -1 338 -1 78 -1 338 -1 #SUP: 313
338 -1 138 -1 338 -1 #SUP: 325
338 -1 138 -1 338 -1 288 -1 #SUP: 293
338 -1 288 -1 #SUP: 333
338 -1 78 -1 #SUP: 414
338 -1 78 -1 338 -1 #SUP: 374
338 -1 78 -1 338 -1 335 -1 #SUP: 294
338 -1 335 -1 #SUP: 451
338 -1 335 -1 291 -1 #SUP: 369
338 -1 335 -1 291 -1 335 -1 #SUP: 286
338 -1 335 -1 335 -1 #SUP: 390
338 -1 335 -1 335 -1 335 -1 #SUP: 254
338 -1 335 -1 338 -1 #SUP: 402
338 -1 335 -1 338 -1 138 -1 #SUP: 262
338 -1 335 -1 338 -1 335 -1 #SUP: 344
338 -1 335 -1 3311 -1 #SUP: 322
338 -1 338 -1 #SUP: 363
338 -1 338 -1 335 -1 #SUP: 266
2414 -1 3214 -1 #SUP: 413
2414 -1 3214 -1 1414 -1 #SUP: 411
2414 -1 3214 -1 1414 -1 3314 -1 #SUP: 411
2414 -1 3214 -1 1414 -1 3314 -1 335 -1 #SUP: 276
3311 -1 0 -1 #SUP: 293
3311 -1 291 -1 #SUP: 283
3311 -1 335 -1 #SUP: 456
3311 -1 335 -1 291 -1 #SUP: 291
3311 -1 335 -1 335 -1 #SUP: 354
3311 -1 335 -1 338 -1 #SUP: 321
3311 -1 335 -1 338 -1 335 -1 #SUP: 254
3311 -1 335 -1 3311 -1 #SUP: 366
3311 -1 335 -1 3311 -1 335 -1 #SUP: 320
3311 -1 338 -1 #SUP: 287
3311 -1 3311 -1 #SUP: 366
3311 -1 3311 -1 335 -1 #SUP: 288
3311 -1 3311 -1 3311 -1 #SUP: 261
111 -1 291 -1 #SUP: 350
111 -1 291 -1 291 -1 #SUP: 290
3312 -1 335 -1 #SUP: 441
3312 -1 3314 -1 #SUP: 256
3314 -1 314 -1 #SUP: 395
3314 -1 314 -1 2414 -1 #SUP: 395
3314 -1 314 -1 2414 -1 3214 -1 #SUP: 377
3314 -1 314 -1 2414 -1 3214 -1 1414 -1 #SUP: 317
3314 -1 314 -1 2414 -1 3214 -1 1414 -1 3314 -1 #SUP: 317
3314 -1 335 -1 #SUP: 430
3314 -1 335 -1 291 -1 #SUP: 269
3315 -1 335 -1 #SUP: 370
3315 -1 1015 -1 #SUP: 352
1015 -1 3315 -1 #SUP: 251
121 -1 335 -1 #SUP: 389
121 -1 121 -1 #SUP: 297
